28303019
29096079
29432512
29460160
29924477
29766913
29110344
29096071
29121942
27634721
30980031
30731065
31260438
27637950
28250055
29547172
30720413
28552516
29316506
29733893
26289314
28244479
21248838
28741511
29056514
31455183
12724736
17476343
21858793
28741506
31014516
27890287
28779867
27364482
28782469
27890288
31362690
25993239
31099667
30241109
22930834
29727584
27686657
27465042
29098954
15461798
30696086
31561483
21900203
30232369
26845152
25483351
14630646
29072373
27899622
15520816
22877768
15318951
20816881
27927225
28667551
31027668
28051192
27726779
29165905
27598145
29040428
30120891
23746171
30341241
26479830
31691607
30911807
29785478
30173662
30209913
23669075
10642539
29702253
29217262
27304507
27247702
31292558
24840916
25417146
21402176
23454759
22265401
30888656
15169926
28118636
28790143
23925498
30124168
26232135
27771728
28820053
25528930
28685671
29301845